68.6369140387788 -15.746111623356782
254.39801313027365 42.06934923653105
122.72693570908366 -19.214984370752404
278.0500897512993 53.598773637394515
164.50397774971395 5.142552855939542
264.6591430865191 -74.97614905136308
163.6282928977621 46.44192544455933
67.90062902497262 -21.182730334927456
1.9602055281543862 -62.729681978765996
165.4079165318215 -82.46099316412504
86.12995931302467 -71.08094369787386
278.20155341312613 32.320659949187316
120.47875484133638 -68.88926528047128
184.95021058216727 -48.60761510085448
211.50025054936316 -7.239274552761188
265.4987668104223 72.92606543795412
166.10475852122593 15.420309027309884
122.81604108539324 26.128146162337984
253.72542560956936 -53.27766568123192
166.29033516746654 -87.19492079882556
291.921053320425 -66.3924043061289
211.93887330431284 -11.02345307812135
105.7922902839899 -77.3319724748862
222.9195955633808 76.81476093721736
178.8758433502517 17.949329530470948
60.86811397735759 -46.22657322353908
323.3186216585921 -78.16349532701796
340.954867653369 -71.72122961210772
149.70866376742796 70.77490089262804
30.308219965899447 -51.206333528429624
295.2308724979485 -84.02340034417553
99.23113510402177 20.054316615746643
353.9063945511465 85.42249115304196
273.60391918167164 31.47433741493984
314.251665810792 -77.40456088264239
43.46706979519777 74.05990418905182
102.81579093589792 -38.32508069163813
176.85341181849614 -13.933112798808509
200.85931727936654 -46.443934786589
64.0587056333432 -10.667778573588038
134.25858988220062 10.654765648113724
334.0036495451005 -15.734875385363111
346.6666271926714 -3.3408687516838143
301.19407303342564 80.52996789024701
180.4560133385806 -21.470637395331124
271.0547218009392 68.95446816671617
331.79881938841805 34.21165889561
140.83549679231203 32.600727329729324
314.4915440858473 85.91190938425984
83.82404621375161 37.09658273622448
